.i 8
.o 5
.p 256
00000000|00000
00000001|00001
00000010|00010
00000011|00011
00000100|00100
00000101|00101
00000110|00110
00000111|00111
00001000|01000
00001001|01001
00001010|01010
00001011|01011
00001100|01100
00001101|01101
00001110|01110
00001111|01111
00010000|00001
00010001|00010
00010010|00011
00010011|00100
00010100|00101
00010101|00110
00010110|00111
00010111|01000
00011000|01001
00011001|01010
00011010|01011
00011011|01100
00011100|01101
00011101|01110
00011110|01111
00011111|10000
00100000|00010
00100001|00011
00100010|00100
00100011|00101
00100100|00110
00100101|00111
00100110|01000
00100111|01001
00101000|01010
00101001|01011
00101010|01100
00101011|01101
00101100|01110
00101101|01111
00101110|10000
00101111|10001
00110000|00011
00110001|00100
00110010|00101
00110011|00110
00110100|00111
00110101|01000
00110110|01001
00110111|01010
00111000|01011
00111001|01100
00111010|01101
00111011|01110
00111100|01111
00111101|10000
00111110|10001
00111111|10010
01000000|00100
01000001|00101
01000010|00110
01000011|00111
01000100|01000
01000101|01001
01000110|01010
01000111|01011
01001000|01100
01001001|01101
01001010|01110
01001011|01111
01001100|10000
01001101|10001
01001110|10010
01001111|10011
01010000|00101
01010001|00110
01010010|00111
01010011|01000
01010100|01001
01010101|01010
01010110|01011
01010111|01100
01011000|01101
01011001|01110
01011010|01111
01011011|10000
01011100|10001
01011101|10010
01011110|10011
01011111|10100
01100000|00110
01100001|00111
01100010|01000
01100011|01001
01100100|01010
01100101|01011
01100110|01100
01100111|01101
01101000|01110
01101001|01111
01101010|10000
01101011|10001
01101100|10010
01101101|10011
01101110|10100
01101111|10101
01110000|00111
01110001|01000
01110010|01001
01110011|01010
01110100|01011
01110101|01100
01110110|01101
01110111|01110
01111000|01111
01111001|10000
01111010|10001
01111011|10010
01111100|10011
01111101|10100
01111110|10101
01111111|10110
10000000|01000
10000001|01001
10000010|01010
10000011|01011
10000100|01100
10000101|01101
10000110|01110
10000111|01111
10001000|10000
10001001|10001
10001010|10010
10001011|10011
10001100|10100
10001101|10101
10001110|10110
10001111|10111
10010000|01001
10010001|01010
10010010|01011
10010011|01100
10010100|01101
10010101|01110
10010110|01111
10010111|10000
10011000|10001
10011001|10010
10011010|10011
10011011|10100
10011100|10101
10011101|10110
10011110|10111
10011111|11000
10100000|01010
10100001|01011
10100010|01100
10100011|01101
10100100|01110
10100101|01111
10100110|10000
10100111|10001
10101000|10010
10101001|10011
10101010|10100
10101011|10101
10101100|10110
10101101|10111
10101110|11000
10101111|11001
10110000|01011
10110001|01100
10110010|01101
10110011|01110
10110100|01111
10110101|10000
10110110|10001
10110111|10010
10111000|10011
10111001|10100
10111010|10101
10111011|10110
10111100|10111
10111101|11000
10111110|11001
10111111|11010
11000000|01100
11000001|01101
11000010|01110
11000011|01111
11000100|10000
11000101|10001
11000110|10010
11000111|10011
11001000|10100
11001001|10101
11001010|10110
11001011|10111
11001100|11000
11001101|11001
11001110|11010
11001111|11011
11010000|01101
11010001|01110
11010010|01111
11010011|10000
11010100|10001
11010101|10010
11010110|10011
11010111|10100
11011000|10101
11011001|10110
11011010|10111
11011011|11000
11011100|11001
11011101|11010
11011110|11011
11011111|11100
11100000|01110
11100001|01111
11100010|10000
11100011|10001
11100100|10010
11100101|10011
11100110|10100
11100111|10101
11101000|10110
11101001|10111
11101010|11000
11101011|11001
11101100|11010
11101101|11011
11101110|11100
11101111|11101
11110000|01111
11110001|10000
11110010|10001
11110011|10010
11110100|10011
11110101|10100
11110110|10101
11110111|10110
11111000|10111
11111001|11000
11111010|11001
11111011|11010
11111100|11011
11111101|11100
11111110|11101
11111111|11110
.e
