# Conways game of life
.i 9
.o 1
.ilb w b0 b1 b2 b3 b4 b5 b6 b7 
.ob neww
000000000 0
000000001 0
000000010 0
000000011 0
000000100 0
000000101 0
000000110 0
000000111 1
000001000 0
000001001 0
000001010 0
000001011 1
000001100 0
000001101 1
000001110 1
000001111 0
000010000 0
000010001 0
000010010 0
000010011 1
000010100 0
000010101 1
000010110 1
000010111 0
000011000 0
000011001 1
000011010 1
000011011 0
000011100 1
000011101 0
000011110 0
000011111 0
000100000 0
000100001 0
000100010 0
000100011 1
000100100 0
000100101 1
000100110 1
000100111 0
000101000 0
000101001 1
000101010 1
000101011 0
000101100 1
000101101 0
000101110 0
000101111 0
000110000 0
000110001 1
000110010 1
000110011 0
000110100 1
000110101 0
000110110 0
000110111 0
000111000 1
000111001 0
000111010 0
000111011 0
000111100 0
000111101 0
000111110 0
000111111 0
001000000 0
001000001 0
001000010 0
001000011 1
001000100 0
001000101 1
001000110 1
001000111 0
001001000 0
001001001 1
001001010 1
001001011 0
001001100 1
001001101 0
001001110 0
001001111 0
001010000 0
001010001 1
001010010 1
001010011 0
001010100 1
001010101 0
001010110 0
001010111 0
001011000 1
001011001 0
001011010 0
001011011 0
001011100 0
001011101 0
001011110 0
001011111 0
001100000 0
001100001 1
001100010 1
001100011 0
001100100 1
001100101 0
001100110 0
001100111 0
001101000 1
001101001 0
001101010 0
001101011 0
001101100 0
001101101 0
001101110 0
001101111 0
001110000 1
001110001 0
001110010 0
001110011 0
001110100 0
001110101 0
001110110 0
001110111 0
001111000 0
001111001 0
001111010 0
001111011 0
001111100 0
001111101 0
001111110 0
001111111 0
010000000 0
010000001 0
010000010 0
010000011 1
010000100 0
010000101 1
010000110 1
010000111 0
010001000 0
010001001 1
010001010 1
010001011 0
010001100 1
010001101 0
010001110 0
010001111 0
010010000 0
010010001 1
010010010 1
010010011 0
010010100 1
010010101 0
010010110 0
010010111 0
010011000 1
010011001 0
010011010 0
010011011 0
010011100 0
010011101 0
010011110 0
010011111 0
010100000 0
010100001 1
010100010 1
010100011 0
010100100 1
010100101 0
010100110 0
010100111 0
010101000 1
010101001 0
010101010 0
010101011 0
010101100 0
010101101 0
010101110 0
010101111 0
010110000 1
010110001 0
010110010 0
010110011 0
010110100 0
010110101 0
010110110 0
010110111 0
010111000 0
010111001 0
010111010 0
010111011 0
010111100 0
010111101 0
010111110 0
010111111 0
011000000 0
011000001 1
011000010 1
011000011 0
011000100 1
011000101 0
011000110 0
011000111 0
011001000 1
011001001 0
011001010 0
011001011 0
011001100 0
011001101 0
011001110 0
011001111 0
011010000 1
011010001 0
011010010 0
011010011 0
011010100 0
011010101 0
011010110 0
011010111 0
011011000 0
011011001 0
011011010 0
011011011 0
011011100 0
011011101 0
011011110 0
011011111 0
011100000 1
011100001 0
011100010 0
011100011 0
011100100 0
011100101 0
011100110 0
011100111 0
011101000 0
011101001 0
011101010 0
011101011 0
011101100 0
011101101 0
011101110 0
011101111 0
011110000 0
011110001 0
011110010 0
011110011 0
011110100 0
011110101 0
011110110 0
011110111 0
011111000 0
011111001 0
011111010 0
011111011 0
011111100 0
011111101 0
011111110 0
011111111 0
100000000 0
100000001 0
100000010 0
100000011 1
100000100 0
100000101 1
100000110 1
100000111 1
100001000 0
100001001 1
100001010 1
100001011 1
100001100 1
100001101 1
100001110 1
100001111 0
100010000 0
100010001 1
100010010 1
100010011 1
100010100 1
100010101 1
100010110 1
100010111 0
100011000 1
100011001 1
100011010 1
100011011 0
100011100 1
100011101 0
100011110 0
100011111 0
100100000 0
100100001 1
100100010 1
100100011 1
100100100 1
100100101 1
100100110 1
100100111 0
100101000 1
100101001 1
100101010 1
100101011 0
100101100 1
100101101 0
100101110 0
100101111 0
100110000 1
100110001 1
100110010 1
100110011 0
100110100 1
100110101 0
100110110 0
100110111 0
100111000 1
100111001 0
100111010 0
100111011 0
100111100 0
100111101 0
100111110 0
100111111 0
101000000 0
101000001 1
101000010 1
101000011 1
101000100 1
101000101 1
101000110 1
101000111 0
101001000 1
101001001 1
101001010 1
101001011 0
101001100 1
101001101 0
101001110 0
101001111 0
101010000 1
101010001 1
101010010 1
101010011 0
101010100 1
101010101 0
101010110 0
101010111 0
101011000 1
101011001 0
101011010 0
101011011 0
101011100 0
101011101 0
101011110 0
101011111 0
101100000 1
101100001 1
101100010 1
101100011 0
101100100 1
101100101 0
101100110 0
101100111 0
101101000 1
101101001 0
101101010 0
101101011 0
101101100 0
101101101 0
101101110 0
101101111 0
101110000 1
101110001 0
101110010 0
101110011 0
101110100 0
101110101 0
101110110 0
101110111 0
101111000 0
101111001 0
101111010 0
101111011 0
101111100 0
101111101 0
101111110 0
101111111 0
110000000 0
110000001 1
110000010 1
110000011 1
110000100 1
110000101 1
110000110 1
110000111 0
110001000 1
110001001 1
110001010 1
110001011 0
110001100 1
110001101 0
110001110 0
110001111 0
110010000 1
110010001 1
110010010 1
110010011 0
110010100 1
110010101 0
110010110 0
110010111 0
110011000 1
110011001 0
110011010 0
110011011 0
110011100 0
110011101 0
110011110 0
110011111 0
110100000 1
110100001 1
110100010 1
110100011 0
110100100 1
110100101 0
110100110 0
110100111 0
110101000 1
110101001 0
110101010 0
110101011 0
110101100 0
110101101 0
110101110 0
110101111 0
110110000 1
110110001 0
110110010 0
110110011 0
110110100 0
110110101 0
110110110 0
110110111 0
110111000 0
110111001 0
110111010 0
110111011 0
110111100 0
110111101 0
110111110 0
110111111 0
111000000 1
111000001 1
111000010 1
111000011 0
111000100 1
111000101 0
111000110 0
111000111 0
111001000 1
111001001 0
111001010 0
111001011 0
111001100 0
111001101 0
111001110 0
111001111 0
111010000 1
111010001 0
111010010 0
111010011 0
111010100 0
111010101 0
111010110 0
111010111 0
111011000 0
111011001 0
111011010 0
111011011 0
111011100 0
111011101 0
111011110 0
111011111 0
111100000 1
111100001 0
111100010 0
111100011 0
111100100 0
111100101 0
111100110 0
111100111 0
111101000 0
111101001 0
111101010 0
111101011 0
111101100 0
111101101 0
111101110 0
111101111 0
111110000 0
111110001 0
111110010 0
111110011 0
111110100 0
111110101 0
111110110 0
111110111 0
111111000 0
111111001 0
111111010 0
111111011 0
111111100 0
111111101 0
111111110 0
111111111 0
