.i 7
.o 3
0000001 001
0000010 001
0000100 001
0000111 001
000011- 010
00001-1 010
0000-11 010
0001000 001
0001011 001
000101- 010
00010-1 010
0001101 001
000110- 010
0001110 001
00011-0 010
0010000 001
0010011 001
001001- 010
00100-1 010
0010101 001
001010- 010
0010110 001
00101-0 010
0011001 001
001100- 010
0011010 001
00110-0 010
0011100 001
0011111 001
0011-00 010
0100000 001
0100011 001
010001- 010
01000-1 010
0100101 001
010010- 010
0100110 001
01001-0 010
0101001 001
010100- 010
0101010 001
01010-0 010
0101100 001
0101111 001
0101-00 010
0110001 001
011000- 010
0110010 001
01100-0 010
0110100 001
0110111 001
0110-00 010
0111000 001
0111011 001
0111101 001
0111110 001
011-000 010
1000000 001
1000011 001
100001- 010
10000-1 010
1000101 001
100010- 010
1000110 001
10001-0 010
1001001 001
100100- 010
1001010 001
10010-0 010
1001100 001
1001111 001
1001-00 010
1010001 001
101000- 010
1010010 001
10100-0 010
1010100 001
1010111 001
1010-00 010
1011000 001
1011011 001
1011101 001
1011110 001
101-000 010
1100001 001
110000- 010
1100010 001
11000-0 010
1100100 001
1100111 001
1100-00 010
1101000 001
1101011 001
1101101 001
1101110 001
110-000 010
1110000 001
1110011 001
1110101 001
1110110 001
1111001 001
1111010 001
1111100 001
1111111 001
111111- 010
11111-1 010
1111-11 010
1111--- 100
111-111 010
111-1-- 100
111--1- 100
111---1 100
11-0000 010
11-1111 010
11-11-- 100
11-1-1- 100
11-1--1 100
11--11- 100
11--1-1 100
11---11 100
1-11111 010
1-111-- 100
1-11-1- 100
1-11--1 100
1-1-11- 100
1-1-1-1 100
1-1--11 100
1--111- 100
1--11-1 100
1--1-11 100
1---111 100
-111111 010
-1111-- 100
-111-1- 100
-111--1 100
-11-11- 100
-11-1-1 100
-11--11 100
-1-111- 100
-1-11-1 100
-1-1-11 100
-1--111 100
--1111- 100
--111-1 100
--11-11 100
--1-111 100
---1111 100
