.i 7
.o 4
0000000 0000
0000001 0001
0000010 0010
0000011 0011
0000100 0100
0000101 0101
0000110 0110
0000111 0111
0001000 0001
0001001 0010
0001010 0011
0001011 0100
0001100 0101
0001101 0110
0001110 0111
0001111 1000
0010000 0010
0010001 0011
0010010 0100
0010011 0101
0010100 0110
0010101 0111
0010110 1000
0010111 1001
0011000 0011
0011001 0100
0011010 0101
0011011 0110
0011100 0111
0011101 1000
0011110 1001
0011111 1010
0100000 0100
0100001 0101
0100010 0110
0100011 0111
0100100 1000
0100101 1001
0100110 1010
0100111 1011
0101000 0101
0101001 0110
0101010 0111
0101011 1000
0101100 1001
0101101 1010
0101110 1011
0101111 1100
0110000 0110
0110001 0111
0110010 1000
0110011 1001
0110100 1010
0110101 1011
0110110 1100
0110111 1101
0111000 0111
0111001 1000
0111010 1001
0111011 1010
0111100 1011
0111101 1100
0111110 1101
0111111 1110
1000000 0001
1000001 0010
1000010 0011
1000011 0100
1000100 0101
1000101 0110
1000110 0111
1000111 1000
1001000 0010
1001001 0011
1001010 0100
1001011 0101
1001100 0110
1001101 0111
1001110 1000
1001111 1001
1010000 0011
1010001 0100
1010010 0101
1010011 0110
1010100 0111
1010101 1000
1010110 1001
1010111 1010
1011000 0100
1011001 0101
1011010 0110
1011011 0111
1011100 1000
1011101 1001
1011110 1010
1011111 1011
1100000 0101
1100001 0110
1100010 0111
1100011 1000
1100100 1001
1100101 1010
1100110 1011
1100111 1100
1101000 0110
1101001 0111
1101010 1000
1101011 1001
1101100 1010
1101101 1011
1101110 1100
1101111 1101
1110000 0111
1110001 1000
1110010 1001
1110011 1010
1110100 1011
1110101 1100
1110110 1101
1110111 1110
1111000 1000
1111001 1001
1111010 1010
1111011 1011
1111100 1100
1111101 1101
1111110 1110
1111111 1111
